0: -0.333333 0 2 1 5 3 4 6 7 9
     2 6 -2 10 -2 -2 2 2 6   Ave. loss = 6.333333    wins = 13
1: -0.333333 0 2 1 4 3 6 5 9 7
     2 6 -2 6 -2 6 -2 10 -2   Ave. loss = 6.333333    wins = 13
2: -0.333333 1 0 2 4 3 6 5 9 7
     6 -2 2 6 -2 6 -2 10 -2   Ave. loss = 6.333333    wins = 13
3: -0.333333 1 0 4 2 3 6 5 7 10
     6 -2 10 -2 -2 6 -2 2 10   Ave. loss = 6.333333    wins = 13
4: -0.333333 1 0 3 2 4 7 5 6 9
     6 -2 6 -2 2 10 -2 -2 6   Ave. loss = 6.333333    wins = 13
5: -0.333333 1 0 3 2 6 4 5 8 7
     6 -2 6 -2 10 -2 -2 6 -2   Ave. loss = 6.333333    wins = 13
6: -0.333333 2 0 1 5 3 4 6 9 7
     10 -2 -2 10 -2 -2 2 10 -2   Ave. loss = 6.333333    wins = 13
7: -0.333333 0 3 1 2 4 7 5 6 9
     2 10 -2 -2 2 10 -2 -2 6   Ave. loss = 6.333333    wins = 13
8: -0.333333 2 0 1 4 3 7 5 6 9
     10 -2 -2 6 -2 10 -2 -2 6   Ave. loss = 6.333333    wins = 13
9: -0.333333 1 0 4 2 3 7 5 6 9
     6 -2 10 -2 -2 10 -2 -2 6   Ave. loss = 6.333333    wins = 13
10: -0.333333 0 3 1 2 6 4 5 8 7
     2 10 -2 -2 10 -2 -2 6 -2   Ave. loss = 6.333333    wins = 13
11: -0.333333 2 0 1 5 3 4 7 6 9
     10 -2 -2 10 -2 -2 6 -2 6   Ave. loss = 6.333333    wins = 13
12: -0.333333 1 0 2 5 3 4 7 6 8
     6 -2 2 10 -2 -2 6 -2 2   Ave. loss = 6.333333    wins = 13
13: -0.333333 1 0 4 2 3 6 5 8 7
     6 -2 10 -2 -2 6 -2 6 -2   Ave. loss = 6.333333    wins = 13
14: -0.333333 1 0 3 2 5 4 8 6 7
     6 -2 6 -2 6 -2 10 -2 -2   Ave. loss = 6.333333    wins = 13
15: -0.333333 1 0 2 5 3 4 8 6 7
     6 -2 2 10 -2 -2 10 -2 -2   Ave. loss = 6.333333    wins = 13
16: -0.333333 0 3 1 2 5 4 7 6 10
     2 10 -2 -2 6 -2 6 -2 10   Ave. loss = 6.333333    wins = 13
17: -0.333333 0 3 1 2 4 7 5 6 8
     2 10 -2 -2 2 10 -2 -2 2   Ave. loss = 6.333333    wins = 13
18: -0.333333 0 2 1 5 3 4 7 6 9
     2 6 -2 10 -2 -2 6 -2 6   Ave. loss = 6.333333    wins = 13
19: -0.333333 0 3 1 2 5 4 8 6 7
     2 10 -2 -2 6 -2 10 -2 -2   Ave. loss = 6.333333    wins = 13
20: -0.333333 1 0 3 2 6 4 5 7 8
     6 -2 6 -2 10 -2 -2 2 2   Ave. loss = 6.333333    wins = 13
21: -0.333333 1 0 2 5 3 4 6 9 7
     6 -2 2 10 -2 -2 2 10 -2   Ave. loss = 6.333333    wins = 13
22: -0.333333 1 0 3 2 6 4 5 9 7
     6 -2 6 -2 10 -2 -2 10 -2   Ave. loss = 6.333333    wins = 13
23: -0.333333 1 0 3 2 5 4 8 6 7
     6 -2 6 -2 6 -2 10 -2 -2   Ave. loss = 6.333333    wins = 13
24: -0.333333 0 2 1 3 5 4 8 6 7
     2 6 -2 2 6 -2 10 -2 -2   Ave. loss = 6.333333    wins = 13
25: -0.333333 2 0 1 4 3 7 5 6 9
     10 -2 -2 6 -2 10 -2 -2 6   Ave. loss = 6.333333    wins = 13
26: -0.333333 0 2 1 4 3 7 5 6 9
     2 6 -2 6 -2 10 -2 -2 6   Ave. loss = 6.333333    wins = 13
27: -14.000000 1 3 0 2 4 6 5 7 9
     6 10 -6 -2 2 6 -2 2 6   Ave. loss = 6.000000    wins = 11
28: -0.333333 1 0 3 2 4 5 7 6 9
     6 -2 6 -2 2 2 6 -2 6   Ave. loss = 6.333333    wins = 13
29: -0.333333 1 0 4 2 3 6 5 8 7
     6 -2 10 -2 -2 6 -2 6 -2   Ave. loss = 6.333333    wins = 13
30: -0.333333 1 0 4 2 3 6 5 8 7
     6 -2 10 -2 -2 6 -2 6 -2   Ave. loss = 6.333333    wins = 13
31: -0.333333 2 0 1 3 5 4 8 6 7
     10 -2 -2 2 6 -2 10 -2 -2   Ave. loss = 6.333333    wins = 13
32: -0.333333 0 3 1 2 4 7 5 6 10
     2 10 -2 -2 2 10 -2 -2 10   Ave. loss = 6.333333    wins = 13
33: -0.333333 0 2 1 3 6 4 5 9 7
     2 6 -2 2 10 -2 -2 10 -2   Ave. loss = 6.333333    wins = 13
34: -0.333333 1 0 2 4 3 7 5 6 9
     6 -2 2 6 -2 10 -2 -2 6   Ave. loss = 6.333333    wins = 13
35: -0.333333 1 0 4 2 3 6 5 9 7
     6 -2 10 -2 -2 6 -2 10 -2   Ave. loss = 6.333333    wins = 13
36: -0.333333 2 0 1 5 3 4 6 8 7
     10 -2 -2 10 -2 -2 2 6 -2   Ave. loss = 6.333333    wins = 13
37: -0.333333 2 0 1 5 3 4 6 7 10
     10 -2 -2 10 -2 -2 2 2 10   Ave. loss = 6.333333    wins = 13
38: -0.333333 2 0 1 3 5 4 7 6 10
     10 -2 -2 2 6 -2 6 -2 10   Ave. loss = 6.333333    wins = 13
39: -0.333333 0 3 1 2 5 4 8 6 7
     2 10 -2 -2 6 -2 10 -2 -2   Ave. loss = 6.333333    wins = 13
40: -0.333333 2 0 1 3 6 4 5 9 7
     10 -2 -2 2 10 -2 -2 10 -2   Ave. loss = 6.333333    wins = 13
41: -0.333333 2 0 1 4 3 6 5 7 10
     10 -2 -2 6 -2 6 -2 2 10   Ave. loss = 6.333333    wins = 13
42: -0.333333 0 3 1 2 6 4 5 7 9
     2 10 -2 -2 10 -2 -2 2 6   Ave. loss = 6.333333    wins = 13
43: -0.333333 0 3 1 2 5 4 8 6 7
     2 10 -2 -2 6 -2 10 -2 -2   Ave. loss = 6.333333    wins = 13
44: -0.333333 1 0 3 2 6 4 5 7 10
     6 -2 6 -2 10 -2 -2 2 10   Ave. loss = 6.333333    wins = 13
45: -0.333333 1 0 3 2 4 7 5 6 9
     6 -2 6 -2 2 10 -2 -2 6   Ave. loss = 6.333333    wins = 13
46: -0.333333 1 0 2 5 3 4 8 6 7
     6 -2 2 10 -2 -2 10 -2 -2   Ave. loss = 6.333333    wins = 13
47: -0.333333 2 0 1 4 3 7 5 6 9
     10 -2 -2 6 -2 10 -2 -2 6   Ave. loss = 6.333333    wins = 13
48: -0.333333 1 0 2 4 3 7 5 6 8
     6 -2 2 6 -2 10 -2 -2 2   Ave. loss = 6.333333    wins = 13
49: -0.333333 0 3 1 2 5 4 7 6 9
     2 10 -2 -2 6 -2 6 -2 6   Ave. loss = 6.333333    wins = 13
The final solution found was:
0 3 1 2 5 4 7 6 9 8 11 10 14 12 13 15 17 16 20 18 19 22 21 24 23
