0: 0.000000 0 1 3 2 5 7 8 4 6
     2 2 6 -2 6 10 10 -10 -6   Ave. loss = 6.000000    wins = 3
1: 0.000000 1 2 4 5 3 6 0 7 8
     6 6 10 10 -2 6 -22 2 2   Ave. loss = 6.000000    wins = 2
2: 0.000000 0 2 3 5 6 4 7 1 8
     2 6 6 10 10 -2 6 -22 2   Ave. loss = 6.000000    wins = 2
3: 0.000000 1 2 3 4 5 6 7 8 0
     6 6 6 6 6 6 6 6 -30   Ave. loss = 6.000000    wins = 1
4: 0.000000 0 1 3 2 6 7 5 8 4
     2 2 6 -2 10 10 -2 6 -14   Ave. loss = 6.000000    wins = 3
5: 0.000000 2 0 4 5 1 3 6 7 8
     10 -2 10 10 -10 -6 2 2 2   Ave. loss = 6.000000    wins = 3
6: 0.000000 0 2 3 4 6 7 5 1 8
     2 6 6 6 10 10 -2 -22 2   Ave. loss = 6.000000    wins = 2
7: 0.000000 2 1 4 3 5 6 8 7 0
     10 2 10 2 6 6 10 2 -30   Ave. loss = 6.000000    wins = 1
8: 0.000000 2 3 4 1 5 0 6 7 8
     10 10 10 -6 6 -18 2 2 2   Ave. loss = 6.000000    wins = 2
9: 0.000000 0 1 3 5 6 4 7 8 2
     2 2 6 10 10 -2 6 6 -22   Ave. loss = 6.000000    wins = 2
10: 0.000000 1 2 3 4 5 6 7 8 0
     6 6 6 6 6 6 6 6 -30   Ave. loss = 6.000000    wins = 1
11: 0.000000 1 0 2 4 5 7 3 8 6
     6 -2 2 6 6 10 -10 6 -6   Ave. loss = 6.000000    wins = 3
12: 0.000000 1 3 2 4 0 6 7 8 5
     6 10 2 6 -14 6 6 6 -10   Ave. loss = 6.000000    wins = 2
13: 0.000000 0 3 1 4 5 6 2 8 7
     2 10 -2 6 6 6 -14 6 -2   Ave. loss = 6.000000    wins = 3
14: 0.000000 1 2 3 4 5 6 7 8 0
     6 6 6 6 6 6 6 6 -30   Ave. loss = 6.000000    wins = 1
15: 0.000000 1 2 3 4 5 6 7 8 0
     6 6 6 6 6 6 6 6 -30   Ave. loss = 6.000000    wins = 1
16: 0.000000 1 3 2 4 5 6 8 7 0
     6 10 2 6 6 6 10 2 -30   Ave. loss = 6.000000    wins = 1
17: 0.000000 2 1 3 5 4 6 0 8 7
     10 2 6 10 2 6 -22 6 -2   Ave. loss = 6.000000    wins = 2
18: 0.000000 1 2 0 5 6 4 3 7 8
     6 6 -6 10 10 -2 -10 2 2   Ave. loss = 6.000000    wins = 3
19: 0.000000 0 3 4 2 6 1 5 7 8
     2 10 10 -2 10 -14 -2 2 2   Ave. loss = 6.000000    wins = 3
20: 0.000000 2 3 1 4 0 6 5 7 8
     10 10 -2 6 -14 6 -2 2 2   Ave. loss = 6.000000    wins = 3
21: 0.000000 2 3 1 0 4 6 7 5 8
     10 10 -2 -10 2 6 6 -6 2   Ave. loss = 6.000000    wins = 3
22: 0.000000 0 3 1 4 2 5 8 6 7
     2 10 -2 6 -6 2 10 -2 -2   Ave. loss = 6.000000    wins = 4
23: 0.000000 0 2 1 4 6 7 3 5 8
     2 6 -2 6 10 10 -10 -6 2   Ave. loss = 6.000000    wins = 3
24: 0.000000 1 0 3 5 4 2 7 8 6
     6 -2 6 10 2 -10 6 6 -6   Ave. loss = 6.000000    wins = 3
25: 0.000000 2 1 3 4 5 6 7 8 0
     10 2 6 6 6 6 6 6 -30   Ave. loss = 6.000000    wins = 1
26: 0.000000 1 3 0 2 5 4 6 8 7
     6 10 -6 -2 6 -2 2 6 -2   Ave. loss = 6.000000    wins = 4
27: 0.000000 1 3 0 4 5 2 6 8 7
     6 10 -6 6 6 -10 2 6 -2   Ave. loss = 6.000000    wins = 3
28: 0.000000 2 1 3 4 5 7 0 6 8
     10 2 6 6 6 10 -22 -2 2   Ave. loss = 6.000000    wins = 2
29: 0.000000 1 2 0 4 5 6 7 8 3
     6 6 -6 6 6 6 6 6 -18   Ave. loss = 6.000000    wins = 2
30: 0.000000 0 2 4 5 6 1 3 7 8
     2 6 10 10 10 -14 -10 2 2   Ave. loss = 6.000000    wins = 2
31: 0.000000 1 2 4 3 5 6 7 8 0
     6 6 10 2 6 6 6 6 -30   Ave. loss = 6.000000    wins = 1
32: 0.000000 1 0 3 2 5 6 7 8 4
     6 -2 6 -2 6 6 6 6 -14   Ave. loss = 6.000000    wins = 3
33: 0.000000 2 0 3 1 5 4 7 6 8
     10 -2 6 -6 6 -2 6 -2 2   Ave. loss = 6.000000    wins = 4
34: 0.000000 0 1 2 5 6 7 3 8 4
     2 2 2 10 10 10 -10 6 -14   Ave. loss = 6.000000    wins = 2
35: 0.000000 1 3 2 0 4 6 8 5 7
     6 10 2 -10 2 6 10 -6 -2   Ave. loss = 6.000000    wins = 3
36: 0.000000 1 2 3 4 5 6 7 8 0
     6 6 6 6 6 6 6 6 -30   Ave. loss = 6.000000    wins = 1
37: 0.000000 1 0 3 5 2 4 6 8 7
     6 -2 6 10 -6 -2 2 6 -2   Ave. loss = 6.000000    wins = 4
38: 0.000000 0 3 1 2 5 6 8 7 4
     2 10 -2 -2 6 6 10 2 -14   Ave. loss = 6.000000    wins = 3
39: 0.000000 1 0 4 3 2 6 7 8 5
     6 -2 10 2 -6 6 6 6 -10   Ave. loss = 6.000000    wins = 3
40: 0.000000 0 1 2 4 6 7 8 3 5
     2 2 2 6 10 10 10 -14 -10   Ave. loss = 6.000000    wins = 2
41: 0.000000 1 2 4 3 5 6 8 7 0
     6 6 10 2 6 6 10 2 -30   Ave. loss = 6.000000    wins = 1
42: 0.000000 2 0 1 3 5 6 7 8 4
     10 -2 -2 2 6 6 6 6 -14   Ave. loss = 6.000000    wins = 3
43: 0.000000 1 0 2 4 3 7 5 8 6
     6 -2 2 6 -2 10 -2 6 -6   Ave. loss = 6.000000    wins = 4
44: 0.000000 1 3 0 4 6 2 5 7 8
     6 10 -6 6 10 -10 -2 2 2   Ave. loss = 6.000000    wins = 3
45: 0.000000 2 0 1 3 5 6 7 8 4
     10 -2 -2 2 6 6 6 6 -14   Ave. loss = 6.000000    wins = 3
46: 0.000000 1 2 0 5 3 6 7 4 8
     6 6 -6 10 -2 6 6 -10 2   Ave. loss = 6.000000    wins = 3
47: 0.000000 1 2 3 4 5 6 7 8 0
     6 6 6 6 6 6 6 6 -30   Ave. loss = 6.000000    wins = 1
48: 0.000000 0 3 4 1 5 6 7 2 8
     2 10 10 -6 6 6 6 -18 2   Ave. loss = 6.000000    wins = 2
49: 0.000000 1 2 4 0 6 3 5 7 8
     6 6 10 -10 10 -6 -2 2 2   Ave. loss = 6.000000    wins = 3
The final solution found was:
1 2 4 0 6 3 5 7 8
