
-~~~~~~~~~~~~~~~~~~- Starting CGP ~~~~~~~~~~~~~~~~~~~~~~~--

Gen	fitness
0	7.522953
500	1.032352
1000	1.032352
1500	1.031897
2000	1.029704
2500	1.028365
3000	1.028221
3500	1.027118
4000	1.027060
4500	1.027060
5000	1.027060
5500	1.027060
6000	1.027060
6500	1.027060
7000	1.027060
7500	1.026868
8000	1.026355
8500	1.026355
9000	1.026355
9500	1.026355
10000	1.026355
10500	1.026355
11000	1.026227
11500	1.026227
12000	1.026227
12500	1.026227
13000	1.026227
13500	1.026227
14000	1.026227
14500	1.026227
15000	1.026227
15500	1.026227
16000	1.026227
16500	1.026227
17000	1.026227
17500	1.026227
18000	1.026227
18500	1.026227
19000	1.026227
19500	1.026227
20000	1.026227
20500	1.026227
21000	1.026227
21500	1.026227
22000	1.026227
22500	1.026227
23000	1.026227
23500	1.026227
24000	1.026227
24500	1.026227
24999	1.026171

(0):	input
(1):	soft	 0, -3.1   0, -2.3   0, +0.6   0, -2.2   0, +4.6  *
(2):	soft	 1, -1.9   1, -1.2   0, -4.2   0, -3.4   1, -2.6  *
(3):	soft	 0, -1.3   1, -1.6   0, +4.4   0, -2.3   1, -3.5  *
(4):	soft	 2, -4.0   0, -0.7   2, -4.1   0, -0.5   3, -2.8  *
(5):	soft	 2, +0.3   2, +1.3   4, +2.5   1, -4.0   2, +1.9  *
(6):	tanh	 4, +4.3   5, +0.2   1, +2.7   5, -2.0   5, +1.9  *
(7):	tanh	 6, -0.6   1, -1.8   4, -3.7   1, -2.8   6, +1.9  
(8):	tanh	 0, +2.6   7, +3.7   3, +0.6   0, -3.9   4, +3.8  
(9):	soft	 5, +0.1   5, -2.0   4, -3.5   1, -3.9   2, +4.1  
(10):	tanh	 8, +2.3   0, -4.7   8, +1.7   6, -2.2   9, -1.0  
(11):	soft	 1, +2.8   3, +4.2   8, -2.0   2, +2.3   3, +1.3  
(12):	tanh	 4, -2.6   9, -1.3   1, -4.8   1, -3.2   2, -4.3  
(13):	soft	 4, -0.7   1, +1.1  11, -4.3   6, -1.2   3, +4.7  
(14):	tanh	 0, +0.2   7, +2.6   5, -0.6  11, -3.6  12, +0.4  
(15):	tanh	 5, -4.7   1, -0.8   3, +0.5   2, -4.0   4, +2.4  
(16):	tanh	 6, +3.6   7, +1.2   9, +4.6   6, +1.1   6, +4.6  
(17):	soft	 8, -0.1  12, -3.9   1, +3.6   9, +1.9   4, -2.1  
(18):	tanh	 1, -3.5   8, -4.1  11, -2.9   6, -4.7   3, -0.3  
(19):	tanh	 6, -0.1   7, +0.7   7, -1.4   6, +2.8  11, +1.4  
(20):	soft	 8, -0.5  11, +2.3  16, -0.0   6, +1.2  19, -1.9  
outputs: 6 

